A
3
262402
197888
5
UTF-8
787
11
16
1
262153
10
cg07692215
16
1
262153
10
cg01616492
14
1
0.08617431967339856
14
1
0.95
14
1
0.02335614465558794
14
1
0.1483146906915755
14
1
2.691126405461025
13
1
968
14
1
0.007243870731131325
16
1
262153
30
Winsorized\040Pearson\040correlation
13
1
970
1026
1
262153
5
names
16
11
262153
10
parameter1
262153
10
parameter2
262153
8
estimate
262153
10
conf.level
262153
8
conf.low
262153
9
conf.high
262153
9
statistic
262153
8
df.error
262153
7
p.value
262153
6
method
262153
5
n.obs
1026
1
262153
9
row.names
13
2
NA
-1
1026
1
262153
16
coefficient_name
16
1
262153
1
r
1026
1
262153
2
ci
14
1
0.95
1026
1
262153
4
data
787
2
14
970
0.8976080096290769
0.9244188560201461
0.7929072353766758
0.9262609463347484
0.6821384318307302
0.9617196944025932
0.966565831521963
0.8160383355783366
0.9323825820140288
0.8652033492354426
0.9004835267879679
0.9595338428909087
0.9095403630080195
0.9118837491537657
0.7504500214914011
0.9132149042854232
0.9606626773094069
0.9110895546968958
0.9571683605431023
0.9011093090653849
0.9292179773343691
0.6839554382005297
0.8316612174370019
0.9605370093196852
0.916966473077099
0.8543747525744094
0.9587067899432061
0.9157868197335197
0.8616827292413276
0.9319567412870261
0.9519177547386698
0.9738467742672541
0.6904885168101589
0.9102087446394623
0.9400668938642944
0.9045803064977525
0.8989507416857293
0.8233110330721052
0.6881985713109909
0.6936976879118759
0.8856735838857306
0.9534636956506837
0.9277391118758207
0.9741638700076217
0.9299373359998472
0.9759106970457291
0.8774255527183215
0.931861271304593
0.9515997530380736
0.9244599326294931
0.9418283775411931
0.8384561454299335
0.9569108750069515
0.8797030266577903
0.9671037700704695
0.8685612945454056
0.9520773185181174
0.8769617145681236
0.9642637307770562
0.9467153552014417
0.8827741327259436
0.9358577981581461
0.9648178095870225
0.8997809365736291
0.9506015354044444
0.9527932419844045
0.8181910586635972
0.696754631361856
0.9663744811721453
0.8598260505171357
0.9202363752608671
0.9439772424168266
0.9664077966066289
0.9188589180433844
0.8713012373769621
0.9424484484181361
0.9376888668166287
0.9680068851254719
0.9208773590481846
0.9658551403925589
0.7010694115031647
0.9186006418905626
0.9602628340926327
0.8594898173887853
0.9400781542379246
0.6180884102586213
0.8561147943430756
0.9068793288259345
0.840152761009606
0.9616772234185731
0.8815568854066064
0.9510139861838285
0.9647146295809144
0.9174524784223416
0.7414447429970981
0.9312586104097801
0.9452982980970843
0.9569396729195068
0.9706545980381198
0.9542463817089809
0.9598484572503505
0.9332184995933794
0.9136295166996947
0.9713769789316489
0.8158323141131549
0.9477140828417436
0.896333690689453
0.7207756670236418
0.9351707089489205
0.9340842088519911
0.9180445184169436
0.9017199850526127
0.8018255140363527
0.9658142493879973
0.9313833600161033
0.9120113865440186
0.9239213627409459
0.8790233751133215
0.9017873481079547
0.9119553336816809
0.9526183407967574
0.9319652409082966
0.9552756840385026
0.9258925076649875
0.8603245714085057
0.9565308413392594
0.9062310921642637
0.9479643004126364
0.8062680735451108
0.8027622852938694
0.9110699016667807
0.7478921147240688
0.9741861819096738
0.9305595046884249
0.7232313841543186
0.8914937612516025
0.9471261476258026
0.8437687998339923
0.9667341254267507
0.8919177037577349
0.9468868419790398
0.975911202751507
0.907039237495766
0.9204781815332224
0.6968477011953138
0.9788680599058065
0.8955526160860693
0.9483492050930871
0.9682704703304204
0.9112698945881401
0.9627230266645328
0.9613047060942426
0.9462263911205684
0.889481394304202
0.9305625081599684
0.862330578059294
0.9461787173091774
0.7919051540611055
0.867712444376543
0.9153749805102889
0.9639465634513348
0.947352328934581
0.9262475834496983
0.9736812098384534
0.9256357140213362
0.9383306005150127
0.8683152210576874
0.9837054195781019
0.9088350569105291
0.9452575040634899
0.7787487553797297
0.8510257444058907
0.957363155643836
0.9722823987158239
0.9350999227710639
0.9308042753680172
0.9136574244231934
0.9045656930877914
0.9589565469968586
0.959313849078653
0.6954757650202001
0.9221380450562041
0.8208473168868908
0.9787667424517494
0.9486125800909986
0.9264015924521369
0.9064667155197446
0.8391864090382415
0.9434769945286829
0.8980553837150037
0.6785569669777733
0.9486920248942204
0.9095786491853136
0.9259919745341301
0.9721675669604172
0.9375772696797583
0.8383452343639133
0.9319584979551507
0.9580473914825878
0.9284572549792557
0.753897229100002
0.8822334952939949
0.9616267460287411
0.9215071991053665
0.823871667558678
0.9305928871292799
0.9169977514931512
0.835853035332074
0.9369941745874342
0.9189013890278791
0.9498572039990418
0.9260804263595679
0.9533984965105808
0.9179646835679691
0.9589292330218818
0.8504356240268506
0.9311499141423936
0.8644124762821299
0.9223987155729634
0.920128348119521
0.9603389844572158
0.9672503006353461
0.9447689654513534
0.8535386291293698
0.8857453964722874
0.9148527430494061
0.9381791032360098
0.7976063299128054
0.9093865831572261
0.9255080219761592
0.9272057732068812
0.9462432121666025
0.9186311753196121
0.9716375634257454
0.9341842492415422
0.721794979113596
0.9247809007218928
0.9514314588654581
0.8940613476326982
0.8425328290701096
0.9745996819542796
0.9789708204505766
0.9149507758980894
0.9023948407041609
0.9609072188998805
0.919374353094188
0.9378578148334871
0.9274315356521379
0.9029228057376473
0.8233229983310162
0.9741563998223877
0.9195515625708133
0.894909570047472
0.9667814475415001
0.953724246773894
0.9053423288137634
0.9523896210760409
0.9577356992817497
0.9306080782188551
0.90032444525345
0.8859015894770407
0.9358859748263852
0.9625959380364573
0.9675793974322637
0.9320042565718054
0.9009214472535555
0.9621097542626504
0.9616213321026457
0.7613811182100501
0.9549401937780728
0.938578131631493
0.9568068352380417
0.9277545117438605
0.9577069019237039
0.9471025898879923
0.8715393733756783
0.8067240267287689
0.9079908487760729
0.9640714740477971
0.9299566699385676
0.8243759652133653
0.9521227565039749
0.9423098541887007
0.9516220897800584
0.8934799893525255
0.9231197759447367
0.8752514640438082
0.9639227756784635
0.9210462516967429
0.9656860404194345
0.8717565860493357
0.8085065241179187
0.9382912113684476
0.9422716614728275
0.990515055484577
0.9145620728993248
0.982757295882173
0.9192532939013642
0.8569550908759256
0.925223551995511
0.9469969549541646
0.9853952633339437
0.9786979186819719
0.9336431715536289
0.8597179551894067
0.967566434038259
0.9569917030471307
0.8580051542701426
0.7463912753519383
0.9709013685289775
0.7933817323405697
0.9556297151873747
0.8292443924704107
0.9113999122307689
0.9430953367106352
0.8774751797197542
0.896071499121277
0.8624575875132022
0.7981667839868977
0.9220397422437587
0.8769897748543477
0.9744079705447445
0.9183688649193095
0.944135800477849
0.9225232506269847
0.9806249243116474
0.9686700743511674
0.8507514243833647
0.9397249684250589
0.8959026806881933
0.9040426327512696
0.6620413120098604
0.919369760428113
0.9601981538630493
0.9497840477834026
0.9363787099666703
0.9358584403432675
0.9192195126627799
0.8639622438919892
0.9360593765825997
0.9495476676765311
0.8005778322880407
0.9238276640462764
0.9152848044378599
0.9282327520717724
0.8715042401530668
0.9606338722245016
0.954252925434286
0.9134285266501798
0.9343533039658362
0.9154086938208377
0.8056434905165986
0.9615264028479439
0.9639064765716669
0.9789903072516049
0.9485059360675603
0.9320426793595744
0.9123650318943082
0.9538739951835244
0.9713437377490591
0.9304744514647734
0.8748098676571867
0.8836371355322278
0.9346824864527132
0.9372334715691246
0.9431921986155805
0.9142965585766564
0.9771219656697233
0.9389899317159829
0.9329978656915016
0.8874158469258662
0.6999005797832829
0.6862364510233717
0.9497547927935439
0.9608964283024146
0.9695466233428026
0.9272676366844947
0.9660535775920811
0.9825768298466624
0.9347517437541808
0.9265235885260183
0.9277024035937773
0.9385416905575277
0.926236996105844
0.9772923255071653
0.9035708807132767
0.576347202937657
0.9576933842781651
0.9480385486923546
0.9322310659402206
0.9741455324886581
0.9838620947468463
0.9800919971900144
0.9559758459593175
0.9153088037122973
0.9447150898427608
0.9677378776943312
0.8633219267116351
0.9782145289409029
0.9672806355959409
0.9346666129340219
0.928013371128431
0.663039512750016
0.9687828780743137
0.8188335078473316
0.82305581106436
0.7601084351403403
0.9254932941922528
0.910276766030898
0.9382853228843651
0.8976115396795754
0.9468426290169243
0.9426666904216406
0.8798926278438911
0.9070741509142257
0.721389319459704
0.9098110937090513
0.9608524060196526
0.9506279337027956
0.8687495909374335
0.9250297431135586
0.9550002869022262
0.9387438362074667
0.8885244014013269
0.9500870098405053
0.9694180127557019
0.9458869376170821
0.930475965554977
0.7389015131983404
0.9536486155095613
0.9566049084783657
0.9537110955684843
0.9281378982091556
0.9218313931854345
0.9314746694449785
0.9514278180243669
0.949879573907052
0.9291811527162599
0.7426497790025507
0.9531437114954651
0.8522130195006741
0.9363401132054812
0.9305769119271174
0.8362148782262359
0.9318126888688282
0.9079416437863124
0.9672575110189461
0.7813042331152927
0.9696909870627247
0.9341658463967895
0.7288755753319307
0.899244368351871
0.8944214501433831
0.7764087210133609
0.9437077527079932
0.9410227451808268
0.9577265442013125
0.8797034591147018
0.9577407544504853
0.8907902686648979
0.966851125168645
0.9722356370021236
0.8260633865789095
0.8928579100978463
0.9311273404302932
0.8761879828195931
0.8924484996217763
0.9532505257358429
0.932793348926839
0.9611520792739948
0.7865003089248054
0.9423971767824054
0.9316770133116087
0.7947675022717459
0.9215812290445671
0.9145551986415941
0.9761623674940356
0.9187766500524209
0.9096293099750065
0.9370483874436006
0.969505219815227
0.950298156006088
0.9236435369355955
0.8149728169612522
0.9697207367992828
0.903461458612367
0.8747386618742209
0.9138912920779028
0.8400454626668213
0.924879143917881
0.9160894221394785
0.7502303280991628
0.9047345775447854
0.9564449465756626
0.7907121206962033
0.8377243995415904
0.9518696234238648
0.9300397623491163
0.8550256022556691
0.9524211676668733
0.7724720752857148
0.9342708587637534
0.9558843711247199
0.9199476851811872
0.9661561251287505
0.9587996353184433
0.9489637823586934
0.9682449438660279
0.974125929988099
0.8621151614672096
0.8962633176635861
0.9296760362984376
0.8085854649619592
0.9887424111971291
0.9521890960911569
0.9793344970417396
0.8653465727117629
0.9443837185658706
0.9664620825855981
0.7641873796813941
0.9243550733806416
0.9427982433008725
0.9336727529662622
0.9490001684798768
0.9323464593460581
0.9118579590943321
0.9143271462135899
0.9585900054247368
0.8861141736362353
0.9238023320215272
0.7283027858991588
0.8544338160341417
0.939839097251374
0.9547810334902078
0.9274867238505835
0.9337325843298995
0.9332544250183966
0.9200740024989084
0.7692998152123521
0.9616957240138143
0.9343053585601705
0.9603637717594331
0.9474077601195275
0.8321942736093901
0.7767530234289965
0.9360464089434806
0.783615705544251
0.9792482443065986
0.7779446323844825
0.8840039275336644
0.9016951930302711
0.9155282802674417
0.8061197192405856
0.8470215426009662
0.963046370716201
0.8940159036557805
0.8610496746546082
0.9622338516009485
0.9499556476431885
0.916605611605977
0.9555865332301499
0.9580039967481454
0.7673275175685382
0.9415257375201185
0.8817327681118305
0.912884906283306
0.9491597590591495
0.9416646336553643
0.8522369064295102
0.9216761915117782
0.9577160142059367
0.8014416895554166
0.9700003731492183
0.9226259306355434
0.9461180547591372
0.9575275719908602
0.9122691500647008
0.9296375787693135
0.9718397306268571
0.9625792380850875
0.9438145862767001
0.922519042606922
0.9435367503306895
0.9483205936613269
0.8489154723610717
0.932303023040289
0.9353124905809627
0.9704966396209345
0.850062856002564
0.8528890968464482
0.8534288871419456
0.9507742541767898
0.960601683218154
0.8294991814629863
0.9349850647880189
0.9445125022183445
0.8991321390572762
0.963234480695849
0.9509862673495402
0.9438040189886749
0.9697822991544711
0.936899253926389
0.8462562414440246
0.822175476112713
0.9646918683767682
0.9746411127801071
0.8072822041223506
0.8344312410668063
0.9449170522710125
0.9408927850903734
0.9030778725275337
0.7703603551033013
0.7730476535449099
0.970967508816527
0.9250893633823685
0.9206677524376026
0.9076809684063433
0.8918175485600178
0.9672689194134624
0.8108484866491013
0.960042933509985
0.9068659339989772
0.9491466862062762
0.9529817963564612
0.955507465238309
0.9755984925814656
0.8661741958459845
0.9199886788448549
0.9439530046798391
0.8515331620487401
0.9354550819582598
0.9669256571375724
0.8967306060960079
0.9462424723358976
0.9449832234101627
0.9664954252430595
0.8502223939068659
0.7958762008055368
0.9667657574186932
0.9289220306334631
0.9536900099267542
0.8577761571493251
0.9128856709037797
0.9449591720172869
0.9407658403888741
0.8137569589145205
0.9587618456291479
0.9488268339699022
0.9478722281309787
0.9318511598512408
0.9001247679647814
0.9810790346746842
0.9686755710144064
0.9201930906233189
0.958011615063327
0.8670616584903152
0.7614898768280514
0.9130258089280026
0.9543310662632675
0.9409835176868022
0.959022654527685
0.892606215829546
0.9266181218950779
0.9400933459213181
0.9253359995295258
0.8378346421230234
0.983589822648235
0.8955639992523536
0.6991379775582172
0.9623935604370959
0.9374754937713952
0.9767163162601148
0.8966278736722086
0.9572225848606652
0.9439205518963554
0.9631767878571715
0.9088432752804658
0.9440257675814001
0.9375005004101713
0.9303392678106961
0.9480344267983498
0.8281714192661684
0.7760687254273794
0.9331004825367162
0.9179168179026475
0.9459227193552542
0.916897922627076
0.9445284828395127
0.9675627543730342
0.9579900178802063
0.9687004931981368
0.9623245706806811
0.8844961408128189
0.9590555561422388
0.8761333212858735
0.9537524860782967
0.947069607984479
0.9155291551426413
0.7817956048107132
0.9530539769467949
0.9357398590033825
0.9450879262321057
0.9512354679225039
0.9605554294237648
0.8776862147055431
0.8423132298772028
0.9259973314026549
0.9379617613516428
0.904537481578458
0.9237566540637049
0.8936818822826246
0.9163018351435896
0.9587345230239306
0.912045886532118
0.9497923704404092
0.8452713120885312
0.9565519961123733
0.9012803283682926
0.966736017456082
0.9644419458053469
0.8984300038714846
0.9565136585975134
0.8198880537032649
0.9459408867570612
0.9247299092871557
0.9257883561346556
0.9343349845527044
0.614659766974893
0.9746891289143047
0.865311868565922
0.9886861291915119
0.9766220880684948
0.9521531131227867
0.9147728818961496
0.9172378050774312
0.9634911215990143
0.758091251796953
0.9596606565923942
0.8642454056495109
0.9164250434723609
0.8638039389650159
0.7414715805199331
0.7960022901993443
0.9532598294717569
0.9126523796662551
0.9075224663257773
0.9168280945783331
0.9205281821732736
0.7661383952903843
0.9742259323783742
0.9577808924312636
0.9603183195351609
0.8798995343033935
0.8173460800902812
0.9233148082528586
0.9310655429699874
0.9586404599441447
0.9389660712251644
0.9367401912576253
0.9505542389056536
0.9590836785946538
0.9436479863394562
0.8916384748142523
0.9584423453048767
0.9297630176674694
0.9456176894347347
0.9198271980680853
0.9213075266396499
0.9329410691566064
0.9581084658787843
0.9288609985502518
0.9741374573546718
0.9266154643702332
0.931860239516585
0.9134051058070447
0.9288638422481825
0.8658629179783743
0.9685182895990575
0.9593952193966674
0.9136277564179919
0.9730599687367629
0.9334977481913349
0.9750209851468735
0.8222418625299234
0.9650498928645769
0.9712499739158281
0.8322457726663116
0.9585419823009484
0.9131092663128109
0.9447754931910833
0.9546755539982632
0.8282389894485547
0.8645525453188403
0.9498939253086927
0.9317872816638729
0.837776490433876
0.9459737095847683
0.8760279128603218
0.9596986296033663
0.9402856270725359
0.8563485036366965
0.9887567455839696
0.8648654066646159
0.9537921222746717
0.9493201434743425
0.928987007079489
0.9592915593884752
0.9681927541511259
0.9592911233299009
0.9456408064585329
0.8266164766708652
0.9149258253417771
0.9691026732361397
0.9624716417259558
0.8707675707140357
0.9504186684745555
0.9652413899274352
0.8610071426099767
0.8422554302400788
0.9394956799998466
0.9009896176443034
0.9384730023764989
0.9719847289966823
0.844465267052194
0.8729065935437402
0.9372722677478734
0.9780295267290937
0.9277585515294207
0.9667516143105807
0.9437062048736913
0.9087564386904865
0.82077207960398
0.9340935435530119
0.9732445041704323
0.9672177937781203
0.9674107688456873
0.9903306073169242
0.8991982643476139
0.9431953043410918
0.8327253076981441
0.9146147538703907
0.9807397555178224
0.97798302093278
0.7903661743569366
0.9700723943922136
0.9411523362770959
0.9089873079039873
0.9623964302841815
0.9578265164695967
0.9702945025625364
0.9717830796858548
0.8144679337482508
0.9180191216428406
0.9391222634128362
0.8832345906027786
0.8112724522336416
0.9194759913328905
0.9496134996384367
0.9672348497290503
0.8166298249970518
0.7495722255524512
0.9510228030546828
0.7736911247922497
0.8556972418946407
0.9623590491661246
0.9542000336974016
0.9703021938011194
0.8921327622229458
0.9557310984674295
0.8625518881889628
0.827157214792308
0.9457834684978981
0.8888827206384916
0.9766675107853175
0.9739921499701075
0.9765385401494768
0.9277817478215835
0.9015189234166539
0.9326598086748852
0.9129814661141697
0.9638351594840275
0.9342974107985694
0.9290178656972971
0.9636795364861195
0.9231066629251904
0.9696539172600891
0.9635027312983071
0.9189101187591167
0.929925476329547
0.9702178008779884
0.8735221525323174
0.9338428876476017
0.965012647323069
0.9259903724921837
0.9562068466764085
0.8169617626584837
0.9651681072550071
0.9355739503936498
0.8425021332576045
0.9588993893014515
0.8109269679770064
0.8075184420843549
0.9495710799268218
0.9516527456351103
0.7117135513495229
0.9249808980981071
0.7443602080228584
0.9319998824569002
0.9341228013054954
0.8059814322933037
0.9408568793669168
0.9516554674234144
0.935742355925415
0.9681632744420686
0.9188631198283577
0.9165972844853437
0.9469746175860807
0.8685569544662499
0.8492262174408401
0.813536855291889
0.8816491509709271
0.9183076182785836
0.9207300208782989
0.9314155896810354
0.9103650915310204
0.8415878871423518
0.9423653890309842
0.8554880735399567
0.7831575068532821
0.9018814497673276
0.9637098024873965
0.9572076405864709
0.9261751003269021
0.9582767679423401
0.9602061708909231
0.9379794561138444
0.9395521280206433
0.9395816276549471
0.9545200164269916
0.953272124724981
0.9650319978470695
0.9396367959980768
0.8047802154531629
0.9346009535019398
0.9058813593079494
0.9286949690085167
0.9444279667807823
0.8940362620535345
0.9397717918398092
0.9521027989369746
0.9253603027054992
0.9171954335045653
0.7625392799125698
0.9008382298277596
0.8745774914472688
0.9107111156325268
0.8352002219416277
0.9216281501793898
0.9551721571187883
0.9411140570069003
0.9841102684580701
0.8862730993118235
0.9319766207092863
0.7983126539149134
0.9500433218065436
0.9596612379049899
0.9796327655426624
0.9527099210485681
0.9742467690001496
0.9455323779077996
14
970
0.03503255344737341
0.02608712346640529
0.0330458758763358
0.050754465583665
0.03808936420950953
0.04658941908729764
0.02880085371967261
0.03284737885396258
0.003750977847822909
0.04149573472643266
0.05819007342616389
0.0474652900316555
0.04326962239402084
0.03947622104449768
0.05794270795410777
0.06884709935811809
0.04148416303297493
0.04082113962374317
0.06067625011041632
0.05045895575624553
0.04495221398306604
0.03186822117477921
0.01571888217262838
0.01994999313217499
0.02692175553455445
0.05728310265762163
0.03856502090709904
0.02528482732966991
0.03139518107040857
0.03893796117959094
0.0741696733509819
0.03873342759720396
0.01558543044244174
0.02666004319229817
0.03652214464194918
0.06890816201577088
0.03314119669174324
0.04448055328678549
0.02123049343780151
0.01890258730780294
0.07997721804693547
0.0198825833435685
0.06104838642200105
0.05885369449628024
0.04749697295106793
0.03083318551465412
0.07655420669927038
0.05591389479407328
0.04140693996943867
0.07500389883683223
0.01998295085397449
0.03377071073141864
0.08072453321500761
0.04050377070407733
0.06242128525166357
0.0329554079832112
0.0160549492089223
0.02196170328660113
0.03095161124840235
0.05040011523599402
0.07807222892131982
0.04287419406299704
0.01003947581176617
0.1090743699646931
0.03939909440981593
0.02648071718756239
0.0239221352324361
0.03943275017583765
0.05272663843086645
0.07362772418168839
0.06848414723460472
0.05533450634762146
0.06793286564129764
0.03028599306987866
0.0615276860627233
0.03879371008725668
0.025579593120162
0.04996450653784621
0.06247962715860797
0.03693917447526943
0.04268179984250418
0.05477445167603743
0.04961229756819162
0.01617153859331707
0.03227633629778046
0.01969692929565152
0.04343237334987975
0.01905006805181528
0.02131441489647891
0.07586674017991801
0.03220932304227721
0.03552981343901766
0.02785731189472028
0.05402892764333013
0.007046567272043555
0.03442512423192774
0.02736354788454714
0.06752823586057199
0.0165423863664594
0.05280233213944478
0.06735115223616706
0.01721596340778569
0.03658820166518383
0.05442474563655474
0.02077844404058286
0.06246144233265897
0.03165081001580001
0.03989018816757893
0.0402283847819527
0.04936679871428545
0.04746981259910635
0.02351182082487821
0.03244866590536535
0.02745045076193842
0.04336718007357003
0.02308222687755111
0.07318008710134505
0.03532386795003056
0.04052661580078194
0.03842342920991154
0.08619289987254863
0.02124422580593356
0.01294099228300084
0.02662321638063429
0.06427391764350324
0.01709792659928335
0.01999404563248289
0.01302964556137461
0.04423161905147231
0.0440997449381114
0.03487087869107908
0.02236111528051059
0.02249623526324304
0.0510385938816364
0.04115491409149157
0.06586394104946139
0.03516238557998481
0.03581729256264874
0.03832564288899228
0.06626880879513253
0.01809326527612815
0.04091293569555392
0.05653510167460012
0.04212968788775207
0.04139704596335904
0.06586905716540011
0.03385254455340348
0.06249070267355226
0.05051948202212678
0.02129029990146537
0.06420397183566651
0.03913776638040974
0.06742823636667225
0.03949149418241241
0.07310105956453417
0.03509216383434947
0.05385986492038553
0.02330388948836469
0.07104707168507474
0.02494871466037535
0.04596522861592677
0.03731523157199949
0.05865378157147169
0.05070959154804047
0.04933071449503454
0.03306272581475957
0.02993933349552752
0.04177964135391107
0.03729368659695253
0.03351425804072221
0.07791205754167541
0.0146620157586931
0.02881919856866143
0.09337097110590498
0.04262727192957688
0.04934585096611886
0.02712189286608978
0.03091994703508782
0.06524104781415108
0.03182585093544368
0.0248189048498515
0.04092143146153711
0.0276180010808734
0.02501670795296435
0.04857242933859322
0.03070766251848208
0.05705953922991758
0.05349656398783182
0.06397026721280652
0.04033606114044052
0.04712567398589355
0.07780928960530931
0.0357002208781932
0.02545892507980485
0.02820572906152088
0.04008295258244572
0.02897291287067227
0.05540253317603244
0.01264253149285046
0.01942193167607928
0.02142045331928974
0.03755766527193737
0.04756357633609824
0.06270361494775084
0.01666399015968771
0.03274591045965631
0.03394840843118384
0.01511176057931262
0.04466524478813214
0.01233104449870726
0.03200504823245299
0.0346907856804195
0.02289146791722112
0.05422341251014873
0.05568577533002642
0.04513632176324954
0.02861689138229139
0.0282822102341806
0.05494460008508226
0.02750605345025664
0.026061372481623
0.03519919736357301
0.03002417923506151
0.01897823209100757
0.09360598802837372
0.05824013181259161
0.02804232830920045
0.04014855308231656
0.03965479664761962
0.06434438663574915
0.02468611451033304
0.01371586925812407
0.08036225124052809
0.02457587591707471
0.05036575455127389
0.04763469819198768
0.0474238024441999
0.0178681604265775
0.03393554836002979
0.04647559300523835
0.1093006308645348
0.05376560430112034
0.03830436755279689
0.03226079401064928
0.02685604404619372
0.01728922428109195
0.02890109542728747
0.03282803792483827
0.05363599599470543
0.06887926644693732
0.02136647645400451
0.04165667629329536
0.06158717025139672
0.04702262729444538
0.02671619363920376
0.05882225133268437
0.04496816093187882
0.04233459454944403
0.01655771542852378
0.04509623155887706
0.07081278359073895
0.05724361574460293
0.05490392935104221
0.01208564304979442
0.03084343472640008
0.03106397937774279
0.02745441775394878
0.04583750108974328
0.05396299743931997
0.04283794394052771
0.08175119538272546
0.01230726080160457
0.04635958202115042
0.03965523744576407
0.03494633533480025
0.04041837084028232
0.04422865729407714
0.0117285468595519
0.01788949699623872
0.0332648247248566
0.04757236510284646
0.02773986270177499
0.05102980253830546
0.04871733208820936
0.1037088452278788
0.02237671558618856
0.02925446402083288
0.03646910377842484
0.07012125713489492
0.02513112693011411
0.04330139643544122
0.02356828460499133
0.02698715122766289
0.05459912457475358
0.0843571690642605
0.03335453572578618
0.02336283131858484
0.02141154579774872
0.01496517112988613
0.0357029212524097
0.04364400804579031
0.02068332451487577
0.07181032332510406
0.06998757296728009
0.02245507544633497
0.04265117451143003
0.0245543011201463
0.02555933234194421
0.02463439825122922
0.04885409301201499
0.0110407929414048
0.03566777410673017
0.01908954188887968
0.02356146606273877
0.07943099960376965
0.07937878517832386
0.06626919359718021
0.06251257348338356
0.04468469954725414
0.0258354645926136
0.03044034907045368
0.04239607822228263
0.06658775100002318
0.02288109473218702
0.03647530840260414
0.02533586771929943
0.01751958855753223
0.02999697881468074
0.02452549938186212
0.04837292399910594
0.05148083057325385
0.008026871998154238
0.03087532917675199
0.05258422224340821
0.05079132576560904
0.04842705902108448
0.02712025167939768
0.01639810908809042
0.03198997315975053
0.0299530423960593
0.03461544370269797
0.0500335849380885
0.04023141324675367
0.0415420060970164
0.08411760064418894
0.05431248564713224
0.03371641689347691
0.02999418162251886
0.03822340571038479
0.03654462779292251
0.03732592789469463
0.06212418095375554
0.04284985303115169
0.05170123650237676
0.05797807403096802
0.02805545062745196
0.08255126877690833
0.02704706560288962
0.02538864692548365
0.08131529048621922
0.04471333566105556
0.01439982247922396
0.02578093264751771
0.02643702428573167
0.08108873722712662
0.07292688613868903
0.05743758216816058
0.04008401230330458
0.0658280319656592
0.05935330736208383
0.02717742689448733
0.03286178971767972
0.03535022285752688
0.0373275630508401
0.04956326233503867
0.01510464267523265
0.05885914161957705
0.03677335125000439
0.03930793306771536
0.02839318546853218
0.02231508641254978
0.07358111396221123
0.05992774704845096
0.02093422633700318
0.04164465954625054
0.0370694872340511
0.02063241275024992
0.03074181921959407
0.04139128707036275
0.06170233591237544
0.0547063615421197
0.04370733596899523
0.03216127250743278
0.01379963893636691
0.03870020343700187
0.05957235914703977
0.02048558062889453
0.0496262369092711
0.03308393474322135
0.0242987350754187
0.01173372727215551
0.04994204670805238
0.04143398332080585
0.02215688966549572
0.03216445087697124
0.02299354260668354
0.06772552580960049
0.04303597586192052
0.05099353812261961
0.04226923300609183
0.02913846774390115
0.02352883065217631
0.05338961678791643
0.0312738299178682
0.01421289361405669
0.03562429944000655
0.01686164711869813
0.09061857261458006
0.04534552410401765
0.03702254502756164
0.03820352146130512
0.03782737052544709
0.01947623341731011
0.02579822019476837
0.04011481673546377
0.03080285225886252
0.06452042921306478
0.04700940545298963
0.01280421545972265
0.02996301413826633
0.08052985648571054
0.05036879685425286
0.04371356150845882
0.03041679485215261
0.05612707287863025
0.07238385147450443
0.05933446797952108
0.05714895340249011
0.08029994780866367
0.05640976961510331
0.01075081916143069
0.07091700905200204
0.04985784422403015
0.03263854452198206
0.02510951753963533
0.02395103046820158
0.03351859593675401
0.04559251439727077
0.04292747035359052
0.07748873842042492
0.04265231622102125
0.06054022180826794
0.03691727446970385
0.03227022357602116
0.04707152882093061
0.02431440060449252
0.02169536244599576
0.02570159399193758
0.05494276011443879
0.008215211997992345
0.01538715999241356
0.05316342475917386
0.04362855778815952
0.008242792048206988
0.03934104666303229
0.04879869535456893
0.0398626206802437
0.08431299421588945
0.09022944079716488
0.06404275262546923
0.065309221615466
0.1214794972839296
0.05288812421620485
0.01982282402001823
0.03958414121718332
0.02370707386414249
0.04872686028913978
0.0206977785404644
0.02811944039513514
0.05148117568645302
0.03390330605406569
0.04170807664742038
0.02819249611150901
0.05131404114980458
0.0370841622366015
0.05388478876374046
0.02970378611227902
0.04548022741863113
0.02644623557733408
0.0485116682901886
0.0222479785998545
0.03000120929233821
0.02318658069767654
0.06661404997836373
0.06574297810656704
0.02297577524995724
0.03712112102942694
0.01933942635731873
0.07308326361561479
0.04926713923083891
0.03978215839416627
0.02711559263459596
0.02764192708026905
0.04445908900486298
0.05610749059431305
0.02596959587186665
0.02307328014414662
0.0561148779627787
0.06613126383367118
0.04629152129868479
0.02291982443352473
0.05144627727494178
0.04710765923525273
0.03228058441892997
0.03651975668639924
0.0491429117962123
0.03048184124523655
0.09875661480878029
0.04187163807085129
0.06206485186000243
0.04736106891810343
0.03593004940168525
0.02722818972294304
0.01335759088832325
0.01855980929682407
0.01167584940012062
0.02549484851560001
0.04779393771406875
0.02629487517825712
0.03526629697707664
0.06278866505698952
0.01542912259272063
0.07206290126087156
0.04270584697457711
0.03888666436099913
0.05038189370821898
0.066608016903142
0.07677390823184271
0.02297564856024261
0.03165086412697812
0.0509087256947311
0.0535528663779724
0.03408558065223959
0.06085111140770955
0.04354151267789486
0.04358391484506367
0.02355660271551966
0.07816328317739929
0.03517424736802971
0.09617661913937492
0.01368985134228274
0.05644952119296695
0.02245842173563479
0.01867508858422442
0.034567170916271
0.06221378854132262
0.0578642293991895
0.04444437798523865
0.02819522072395697
0.06504007449141502
0.05837920059324021
0.06077321115076273
0.02756681097352453
0.04041375543958832
0.07246563213022228
0.04449157913824615
0.02886256488390434
0.0178672553405524
0.02402326905985161
0.03455007164637825
0.02828075526174991
0.0390532570079763
0.02114127546194113
0.01703556215742282
0.03601937471280518
0.04572458919916847
0.0369453505649794
0.05344865995496469
0.05996477826553275
0.04364696050668308
0.03722438981248869
0.06519591362555736
0.03723494691465392
0.04683755013019102
0.08200351865523481
0.06634895388314113
0.02955397369572401
0.09029510778345984
0.04505401818294812
0.01653849545813344
0.02233690334535413
0.03822293696109905
0.04442016279351126
0.100314443859534
0.02146389783082838
0.048071682844726
0.04886786600049926
0.0329253101700652
0.02877743846381625
0.0307669655146282
0.04319771619491276
0.06362140668028071
0.04884250955661455
0.03525743661356085
0.03877971643531239
0.02929069334078289
0.02728659437013859
0.05380249686875777
0.02857623110127209
0.09090678838954125
0.02416176975348481
0.02465852216693984
0.02536876542722844
0.04719454743574689
0.009509245954741624
0.03599543120529577
0.04971676347158846
0.03606751332414382
0.05227175734882191
0.02073242159777975
0.04552935566395841
0.0254756394796881
0.07263200779814738
0.04618223375962208
0.02137919941118329
0.03996715807103352
0.03644012921392502
0.01957033936160782
0.03634032801322937
0.08769074183161718
0.03506715350991751
0.0700627551690759
0.03692821783077689
0.02163468247505254
0.04927951356555131
0.04879020175990587
0.02298618958135691
0.04219379403382793
0.02011389466318736
0.01808127394053639
0.03338355371655113
0.02306126452448079
0.02094972117981149
0.05452118531081248
0.03344593725300622
0.02397154403699042
0.07206560747546431
0.04128199019872428
0.04021710315320063
0.06472448831734745
0.04537171886089664
0.009702042952782756
0.03642874623594566
0.06227800054121846
0.05639599349459554
0.04578398284181007
0.03654763467752184
0.05879930890849108
0.1028884750605514
0.03940301969580731
0.08007936055602116
0.02907360458606714
0.02335290519680488
0.02484254295169048
0.04537094176650576
0.01722657196769175
0.04288595592414352
0.02608499641617764
0.03687579828116386
0.02233996653890947
0.02765482918201456
0.03890027230410695
0.03876417843018887
0.03504507939111696
0.03956535569858123
0.04307224823362198
0.03706549187457715
0.1178510697154168
0.01070218376644715
0.02755634886984677
0.03338412954526717
0.009694467802221616
0.07842219875549905
0.03421097193297899
0.03960104225077695
0.05674252222237033
0.04167198073162894
0.02031198363058671
0.04676417121786874
0.06044247258882173
0.04784555510318172
0.02031762965292718
0.02786222252629284
0.1185938681697792
0.05944691034632088
0.1140580333512513
0.06649093364957863
0.03728835172264597
0.01423583954422654
0.04128256513567369
0.02957185004231227
0.03042360494035545
0.02955049218777268
0.06124647900251468
0.02176054568726647
0.05038867791490618
0.04047439966252692
0.07313321090386893
0.07672045397589899
0.06737807443812205
0.03736650898057905
0.07620256856035779
0.04801551562166088
0.0226289719066758
0.03796022638752512
0.0413628117721485
0.04635672370757208
0.02948563843713755
0.01127064929663836
0.02635026808442605
0.02716598052509848
0.1210801515316043
0.01641627901838082
0.01722895168299151
0.1007700295410192
0.02881776559277977
0.01095227834123276
0.07392368456778298
0.07580452093565093
0.06705221011297652
0.03770949865012916
0.07742634240083179
0.03944862266764136
0.05042734358050466
0.05877651770021987
0.01941293933934533
0.0445213323851863
0.1161200508726165
0.01830901976888363
0.01124650279178837
0.02475486673376974
0.02205260599277223
0.04951001814811024
0.03703002921462278
0.02012698848649486
0.02710381573910595
0.1121217083892702
0.07141507457923446
0.08081279534612884
0.0390851180197618
0.05295789532373869
0.04374066409794465
0.04807277635550889
0.02749877443392438
0.06956226025453138
0.04269530203851094
0.08422435183560939
0.04045202122817881
0.02224056788414108
0.05975101872998359
0.0348993266120536
0.05478819401123541
0.02844056128634953
0.05111527114699717
0.02770934452901367
0.01389791819845779
0.03787984038896494
0.05638744386615375
0.05109390548967278
0.06701115173177241
0.03905446593752374
0.0229311640781837
0.04248241352181294
0.0240435843343413
0.04375378801375743
0.01565479348548407
0.02421175671499283
0.02031628587001396
0.05916905037295307
0.02613321407026484
0.05841873883449796
0.01789060718116857
0.01299557565993544
0.01608421692465478
0.06059515260984936
0.04258762544847134
0.06604121875179658
0.03491621528150616
0.04375646260694342
0.08870306437735564
0.01285168867346653
0.06265630880073865
0.03888483500823033
0.05217607750040915
0.0661918926587054
0.05482516944805946
0.01931783693866952
0.08162147934057817
0.07149255275266186
0.0375589660221906
0.04811550693454148
0.02823772783749315
0.04027462833016559
0.01042692228725378
0.04048234007343068
0.0329304780778663
0.05911299907455125
0.02763086879034627
0.03150623866983338
0.03423059489144512
0.06432290232479476
0.02624280307612401
0.02782577533550974
0.07215046621629362
0.05975772728123264
0.02483265081321856
0.0293184573011269
0.06755478804300308
0.04085456631171938
0.06179764752027323
0.1024751602601736
0.04227762368338334
0.07438073713968829
0.07017666322525834
0.04249659240986897
0.05395836714277874
0.06492280658754979
0.02462131079014841
0.05672881391004143
0.02532298640866599
0.04255412512892952
0.01510977080063262
0.04008813495945085
0.05057162856029488
0.02629672358280778
0.05711275570057815
0.2199358298174294
0.01209354533123412
0.01609320749258633
0.04705822641385066
0.03728813164712112
0.02798653823745116
0.04770824041679715
0.01570951253475239
0.01598562038118177
0.02294779418566828
0.04460247733800198
0.03942240441395722
0.0390236592557651
0.04029819387412631
0.05117911802991436
0.06119892719352777
0.02297013336888313
0.05535476478944842
0.01781355586324522
0.01062408493633076
0.02248403230977214
0.04089985819857101
0.01994028269709731
0.04572380643571556
0.0158504127760845
0.08944697625966935
0.03360257833347637
0.05316414419484608
0.04164688281726997
0.04182485982067086
0.02031445360767354
0.02354484592958663
0.01929807991621584
0.0400166104380441
0.04429368008778101
0.05299972373910409
0.03779770695534904
0.05643617745020083
0.04293784616101039
0.06965123555392672
0.1090036372337962
0.04027822593139734
0.06574489667525137
0.04021192517340223
0.0259349231432267
0.05203150665865847
0.02378100107413703
0.03633036741177113
0.02370415562988415
0.01862545928841845
0.04200879076556444
0.03056837300598724
0.0231972470208327
0.03591864063509524
0.04304306194989603
0.02436380500000069
0.0485975395470168
0.06615548129274307
0.06024939312857844
0.01779848729036462
0.03967020733123282
0.03273853473206113
0.05569659847516712
0.03029364591197353
0.0150921556659158
0.07987049882222141
0.02168474219750887
0.05055356701612324
0.04573040517721991
0.05566544886492229
0.01640511694145539
0.007462109673705616
0.04095314715101476
0.02907414919572972
0.03991677348461839
0.1115450329267764
0.06621480870279864
0.03181685052857185
0.01963436358412171
0.07515153555187004
0.03040894175087454
0.05022968460882464
0.07309725198560291
0.07374105773272177
0.04587448404925156
0.0301802840400922
0.02118156864605801
0.0460723582481532
0.05590926570205958
0.04526145378298908
0.0528956005355319
0.04595454993386382
0.02541083767177633
0.05728900701466819
0.02956250178226044
0.03767450500980324
0.03265882466363421
0.0841516875770304
0.02218928660911685
0.0455831716408979
0.03445775614006899
0.02472924897650417
0.05159355402786762
0.06519130294565739
0.02088741167383215
0.0093493723931568
0.04544253886537485
0.05753252206397849
0.016296519493514
0.01752710507352497
0.03380552853269017
0.04815953183810118
0.07509540853989893
0.04088701871045976
0.02796085083978399
0.02611829643835334
0.02923087824374361
0.08347417984666439
0.03902085882887014
0.033121257672617
0.02503211926339366
0.0625058230229466
0.03980181383281389
0.02665345975459836
0.08852316758825374
0.02246567875477158
0.04142950437954983
0.02050030139507228
0.04104695251075975
0.04389696563636832
0.0280260306097674
0.06126909088849833
0.04877853310737599
0.02967315012525825
1026
511
16
2
262153
10
cg07692215
262153
10
cg01616492
1026
767
13
2
NA
-970
1026
1
262153
5
class
16
3
262153
6
tbl_df
262153
3
tbl
262153
10
data.frame
254
1026
1
262153
10
modelframe
787
2
14
970
0.8976080096290769
0.9244188560201461
0.7929072353766758
0.9262609463347484
0.6821384318307302
0.9617196944025932
0.966565831521963
0.8160383355783366
0.9323825820140288
0.8652033492354426
0.9004835267879679
0.9595338428909087
0.9095403630080195
0.9118837491537657
0.7504500214914011
0.9132149042854232
0.9606626773094069
0.9110895546968958
0.9571683605431023
0.9011093090653849
0.9292179773343691
0.6839554382005297
0.8316612174370019
0.9605370093196852
0.916966473077099
0.8543747525744094
0.9587067899432061
0.9157868197335197
0.8616827292413276
0.9319567412870261
0.9519177547386698
0.9738467742672541
0.6904885168101589
0.9102087446394623
0.9400668938642944
0.9045803064977525
0.8989507416857293
0.8233110330721052
0.6881985713109909
0.6936976879118759
0.8856735838857306
0.9534636956506837
0.9277391118758207
0.9741638700076217
0.9299373359998472
0.9759106970457291
0.8774255527183215
0.931861271304593
0.9515997530380736
0.9244599326294931
0.9418283775411931
0.8384561454299335
0.9569108750069515
0.8797030266577903
0.9671037700704695
0.8685612945454056
0.9520773185181174
0.8769617145681236
0.9642637307770562
0.9467153552014417
0.8827741327259436
0.9358577981581461
0.9648178095870225
0.8997809365736291
0.9506015354044444
0.9527932419844045
0.8181910586635972
0.696754631361856
0.9663744811721453
0.8598260505171357
0.9202363752608671
0.9439772424168266
0.9664077966066289
0.9188589180433844
0.8713012373769621
0.9424484484181361
0.9376888668166287
0.9680068851254719
0.9208773590481846
0.9658551403925589
0.7010694115031647
0.9186006418905626
0.9602628340926327
0.8594898173887853
0.9400781542379246
0.6180884102586213
0.8561147943430756
0.9068793288259345
0.840152761009606
0.9616772234185731
0.8815568854066064
0.9510139861838285
0.9647146295809144
0.9174524784223416
0.7414447429970981
0.9312586104097801
0.9452982980970843
0.9569396729195068
0.9706545980381198
0.9542463817089809
0.9598484572503505
0.9332184995933794
0.9136295166996947
0.9713769789316489
0.8158323141131549
0.9477140828417436
0.896333690689453
0.7207756670236418
0.9351707089489205
0.9340842088519911
0.9180445184169436
0.9017199850526127
0.8018255140363527
0.9658142493879973
0.9313833600161033
0.9120113865440186
0.9239213627409459
0.8790233751133215
0.9017873481079547
0.9119553336816809
0.9526183407967574
0.9319652409082966
0.9552756840385026
0.9258925076649875
0.8603245714085057
0.9565308413392594
0.9062310921642637
0.9479643004126364
0.8062680735451108
0.8027622852938694
0.9110699016667807
0.7478921147240688
0.9741861819096738
0.9305595046884249
0.7232313841543186
0.8914937612516025
0.9471261476258026
0.8437687998339923
0.9667341254267507
0.8919177037577349
0.9468868419790398
0.975911202751507
0.907039237495766
0.9204781815332224
0.6968477011953138
0.9788680599058065
0.8955526160860693
0.9483492050930871
0.9682704703304204
0.9112698945881401
0.9627230266645328
0.9613047060942426
0.9462263911205684
0.889481394304202
0.9305625081599684
0.862330578059294
0.9461787173091774
0.7919051540611055
0.867712444376543
0.9153749805102889
0.9639465634513348
0.947352328934581
0.9262475834496983
0.9736812098384534
0.9256357140213362
0.9383306005150127
0.8683152210576874
0.9837054195781019
0.9088350569105291
0.9452575040634899
0.7787487553797297
0.8510257444058907
0.957363155643836
0.9722823987158239
0.9350999227710639
0.9308042753680172
0.9136574244231934
0.9045656930877914
0.9589565469968586
0.959313849078653
0.6954757650202001
0.9221380450562041
0.8208473168868908
0.9787667424517494
0.9486125800909986
0.9264015924521369
0.9064667155197446
0.8391864090382415
0.9434769945286829
0.8980553837150037
0.6785569669777733
0.9486920248942204
0.9095786491853136
0.9259919745341301
0.9721675669604172
0.9375772696797583
0.8383452343639133
0.9319584979551507
0.9580473914825878
0.9284572549792557
0.753897229100002
0.8822334952939949
0.9616267460287411
0.9215071991053665
0.823871667558678
0.9305928871292799
0.9169977514931512
0.835853035332074
0.9369941745874342
0.9189013890278791
0.9498572039990418
0.9260804263595679
0.9533984965105808
0.9179646835679691
0.9589292330218818
0.8504356240268506
0.9311499141423936
0.8644124762821299
0.9223987155729634
0.920128348119521
0.9603389844572158
0.9672503006353461
0.9447689654513534
0.8535386291293698
0.8857453964722874
0.9148527430494061
0.9381791032360098
0.7976063299128054
0.9093865831572261
0.9255080219761592
0.9272057732068812
0.9462432121666025
0.9186311753196121
0.9716375634257454
0.9341842492415422
0.721794979113596
0.9247809007218928
0.9514314588654581
0.8940613476326982
0.8425328290701096
0.9745996819542796
0.9789708204505766
0.9149507758980894
0.9023948407041609
0.9609072188998805
0.919374353094188
0.9378578148334871
0.9274315356521379
0.9029228057376473
0.8233229983310162
0.9741563998223877
0.9195515625708133
0.894909570047472
0.9667814475415001
0.953724246773894
0.9053423288137634
0.9523896210760409
0.9577356992817497
0.9306080782188551
0.90032444525345
0.8859015894770407
0.9358859748263852
0.9625959380364573
0.9675793974322637
0.9320042565718054
0.9009214472535555
0.9621097542626504
0.9616213321026457
0.7613811182100501
0.9549401937780728
0.938578131631493
0.9568068352380417
0.9277545117438605
0.9577069019237039
0.9471025898879923
0.8715393733756783
0.8067240267287689
0.9079908487760729
0.9640714740477971
0.9299566699385676
0.8243759652133653
0.9521227565039749
0.9423098541887007
0.9516220897800584
0.8934799893525255
0.9231197759447367
0.8752514640438082
0.9639227756784635
0.9210462516967429
0.9656860404194345
0.8717565860493357
0.8085065241179187
0.9382912113684476
0.9422716614728275
0.990515055484577
0.9145620728993248
0.982757295882173
0.9192532939013642
0.8569550908759256
0.925223551995511
0.9469969549541646
0.9853952633339437
0.9786979186819719
0.9336431715536289
0.8597179551894067
0.967566434038259
0.9569917030471307
0.8580051542701426
0.7463912753519383
0.9709013685289775
0.7933817323405697
0.9556297151873747
0.8292443924704107
0.9113999122307689
0.9430953367106352
0.8774751797197542
0.896071499121277
0.8624575875132022
0.7981667839868977
0.9220397422437587
0.8769897748543477
0.9744079705447445
0.9183688649193095
0.944135800477849
0.9225232506269847
0.9806249243116474
0.9686700743511674
0.8507514243833647
0.9397249684250589
0.8959026806881933
0.9040426327512696
0.6620413120098604
0.919369760428113
0.9601981538630493
0.9497840477834026
0.9363787099666703
0.9358584403432675
0.9192195126627799
0.8639622438919892
0.9360593765825997
0.9495476676765311
0.8005778322880407
0.9238276640462764
0.9152848044378599
0.9282327520717724
0.8715042401530668
0.9606338722245016
0.954252925434286
0.9134285266501798
0.9343533039658362
0.9154086938208377
0.8056434905165986
0.9615264028479439
0.9639064765716669
0.9789903072516049
0.9485059360675603
0.9320426793595744
0.9123650318943082
0.9538739951835244
0.9713437377490591
0.9304744514647734
0.8748098676571867
0.8836371355322278
0.9346824864527132
0.9372334715691246
0.9431921986155805
0.9142965585766564
0.9771219656697233
0.9389899317159829
0.9329978656915016
0.8874158469258662
0.6999005797832829
0.6862364510233717
0.9497547927935439
0.9608964283024146
0.9695466233428026
0.9272676366844947
0.9660535775920811
0.9825768298466624
0.9347517437541808
0.9265235885260183
0.9277024035937773
0.9385416905575277
0.926236996105844
0.9772923255071653
0.9035708807132767
0.576347202937657
0.9576933842781651
0.9480385486923546
0.9322310659402206
0.9741455324886581
0.9838620947468463
0.9800919971900144
0.9559758459593175
0.9153088037122973
0.9447150898427608
0.9677378776943312
0.8633219267116351
0.9782145289409029
0.9672806355959409
0.9346666129340219
0.928013371128431
0.663039512750016
0.9687828780743137
0.8188335078473316
0.82305581106436
0.7601084351403403
0.9254932941922528
0.910276766030898
0.9382853228843651
0.8976115396795754
0.9468426290169243
0.9426666904216406
0.8798926278438911
0.9070741509142257
0.721389319459704
0.9098110937090513
0.9608524060196526
0.9506279337027956
0.8687495909374335
0.9250297431135586
0.9550002869022262
0.9387438362074667
0.8885244014013269
0.9500870098405053
0.9694180127557019
0.9458869376170821
0.930475965554977
0.7389015131983404
0.9536486155095613
0.9566049084783657
0.9537110955684843
0.9281378982091556
0.9218313931854345
0.9314746694449785
0.9514278180243669
0.949879573907052
0.9291811527162599
0.7426497790025507
0.9531437114954651
0.8522130195006741
0.9363401132054812
0.9305769119271174
0.8362148782262359
0.9318126888688282
0.9079416437863124
0.9672575110189461
0.7813042331152927
0.9696909870627247
0.9341658463967895
0.7288755753319307
0.899244368351871
0.8944214501433831
0.7764087210133609
0.9437077527079932
0.9410227451808268
0.9577265442013125
0.8797034591147018
0.9577407544504853
0.8907902686648979
0.966851125168645
0.9722356370021236
0.8260633865789095
0.8928579100978463
0.9311273404302932
0.8761879828195931
0.8924484996217763
0.9532505257358429
0.932793348926839
0.9611520792739948
0.7865003089248054
0.9423971767824054
0.9316770133116087
0.7947675022717459
0.9215812290445671
0.9145551986415941
0.9761623674940356
0.9187766500524209
0.9096293099750065
0.9370483874436006
0.969505219815227
0.950298156006088
0.9236435369355955
0.8149728169612522
0.9697207367992828
0.903461458612367
0.8747386618742209
0.9138912920779028
0.8400454626668213
0.924879143917881
0.9160894221394785
0.7502303280991628
0.9047345775447854
0.9564449465756626
0.7907121206962033
0.8377243995415904
0.9518696234238648
0.9300397623491163
0.8550256022556691
0.9524211676668733
0.7724720752857148
0.9342708587637534
0.9558843711247199
0.9199476851811872
0.9661561251287505
0.9587996353184433
0.9489637823586934
0.9682449438660279
0.974125929988099
0.8621151614672096
0.8962633176635861
0.9296760362984376
0.8085854649619592
0.9887424111971291
0.9521890960911569
0.9793344970417396
0.8653465727117629
0.9443837185658706
0.9664620825855981
0.7641873796813941
0.9243550733806416
0.9427982433008725
0.9336727529662622
0.9490001684798768
0.9323464593460581
0.9118579590943321
0.9143271462135899
0.9585900054247368
0.8861141736362353
0.9238023320215272
0.7283027858991588
0.8544338160341417
0.939839097251374
0.9547810334902078
0.9274867238505835
0.9337325843298995
0.9332544250183966
0.9200740024989084
0.7692998152123521
0.9616957240138143
0.9343053585601705
0.9603637717594331
0.9474077601195275
0.8321942736093901
0.7767530234289965
0.9360464089434806
0.783615705544251
0.9792482443065986
0.7779446323844825
0.8840039275336644
0.9016951930302711
0.9155282802674417
0.8061197192405856
0.8470215426009662
0.963046370716201
0.8940159036557805
0.8610496746546082
0.9622338516009485
0.9499556476431885
0.916605611605977
0.9555865332301499
0.9580039967481454
0.7673275175685382
0.9415257375201185
0.8817327681118305
0.912884906283306
0.9491597590591495
0.9416646336553643
0.8522369064295102
0.9216761915117782
0.9577160142059367
0.8014416895554166
0.9700003731492183
0.9226259306355434
0.9461180547591372
0.9575275719908602
0.9122691500647008
0.9296375787693135
0.9718397306268571
0.9625792380850875
0.9438145862767001
0.922519042606922
0.9435367503306895
0.9483205936613269
0.8489154723610717
0.932303023040289
0.9353124905809627
0.9704966396209345
0.850062856002564
0.8528890968464482
0.8534288871419456
0.9507742541767898
0.960601683218154
0.8294991814629863
0.9349850647880189
0.9445125022183445
0.8991321390572762
0.963234480695849
0.9509862673495402
0.9438040189886749
0.9697822991544711
0.936899253926389
0.8462562414440246
0.822175476112713
0.9646918683767682
0.9746411127801071
0.8072822041223506
0.8344312410668063
0.9449170522710125
0.9408927850903734
0.9030778725275337
0.7703603551033013
0.7730476535449099
0.970967508816527
0.9250893633823685
0.9206677524376026
0.9076809684063433
0.8918175485600178
0.9672689194134624
0.8108484866491013
0.960042933509985
0.9068659339989772
0.9491466862062762
0.9529817963564612
0.955507465238309
0.9755984925814656
0.8661741958459845
0.9199886788448549
0.9439530046798391
0.8515331620487401
0.9354550819582598
0.9669256571375724
0.8967306060960079
0.9462424723358976
0.9449832234101627
0.9664954252430595
0.8502223939068659
0.7958762008055368
0.9667657574186932
0.9289220306334631
0.9536900099267542
0.8577761571493251
0.9128856709037797
0.9449591720172869
0.9407658403888741
0.8137569589145205
0.9587618456291479
0.9488268339699022
0.9478722281309787
0.9318511598512408
0.9001247679647814
0.9810790346746842
0.9686755710144064
0.9201930906233189
0.958011615063327
0.8670616584903152
0.7614898768280514
0.9130258089280026
0.9543310662632675
0.9409835176868022
0.959022654527685
0.892606215829546
0.9266181218950779
0.9400933459213181
0.9253359995295258
0.8378346421230234
0.983589822648235
0.8955639992523536
0.6991379775582172
0.9623935604370959
0.9374754937713952
0.9767163162601148
0.8966278736722086
0.9572225848606652
0.9439205518963554
0.9631767878571715
0.9088432752804658
0.9440257675814001
0.9375005004101713
0.9303392678106961
0.9480344267983498
0.8281714192661684
0.7760687254273794
0.9331004825367162
0.9179168179026475
0.9459227193552542
0.916897922627076
0.9445284828395127
0.9675627543730342
0.9579900178802063
0.9687004931981368
0.9623245706806811
0.8844961408128189
0.9590555561422388
0.8761333212858735
0.9537524860782967
0.947069607984479
0.9155291551426413
0.7817956048107132
0.9530539769467949
0.9357398590033825
0.9450879262321057
0.9512354679225039
0.9605554294237648
0.8776862147055431
0.8423132298772028
0.9259973314026549
0.9379617613516428
0.904537481578458
0.9237566540637049
0.8936818822826246
0.9163018351435896
0.9587345230239306
0.912045886532118
0.9497923704404092
0.8452713120885312
0.9565519961123733
0.9012803283682926
0.966736017456082
0.9644419458053469
0.8984300038714846
0.9565136585975134
0.8198880537032649
0.9459408867570612
0.9247299092871557
0.9257883561346556
0.9343349845527044
0.614659766974893
0.9746891289143047
0.865311868565922
0.9886861291915119
0.9766220880684948
0.9521531131227867
0.9147728818961496
0.9172378050774312
0.9634911215990143
0.758091251796953
0.9596606565923942
0.8642454056495109
0.9164250434723609
0.8638039389650159
0.7414715805199331
0.7960022901993443
0.9532598294717569
0.9126523796662551
0.9075224663257773
0.9168280945783331
0.9205281821732736
0.7661383952903843
0.9742259323783742
0.9577808924312636
0.9603183195351609
0.8798995343033935
0.8173460800902812
0.9233148082528586
0.9310655429699874
0.9586404599441447
0.9389660712251644
0.9367401912576253
0.9505542389056536
0.9590836785946538
0.9436479863394562
0.8916384748142523
0.9584423453048767
0.9297630176674694
0.9456176894347347
0.9198271980680853
0.9213075266396499
0.9329410691566064
0.9581084658787843
0.9288609985502518
0.9741374573546718
0.9266154643702332
0.931860239516585
0.9134051058070447
0.9288638422481825
0.8658629179783743
0.9685182895990575
0.9593952193966674
0.9136277564179919
0.9730599687367629
0.9334977481913349
0.9750209851468735
0.8222418625299234
0.9650498928645769
0.9712499739158281
0.8322457726663116
0.9585419823009484
0.9131092663128109
0.9447754931910833
0.9546755539982632
0.8282389894485547
0.8645525453188403
0.9498939253086927
0.9317872816638729
0.837776490433876
0.9459737095847683
0.8760279128603218
0.9596986296033663
0.9402856270725359
0.8563485036366965
0.9887567455839696
0.8648654066646159
0.9537921222746717
0.9493201434743425
0.928987007079489
0.9592915593884752
0.9681927541511259
0.9592911233299009
0.9456408064585329
0.8266164766708652
0.9149258253417771
0.9691026732361397
0.9624716417259558
0.8707675707140357
0.9504186684745555
0.9652413899274352
0.8610071426099767
0.8422554302400788
0.9394956799998466
0.9009896176443034
0.9384730023764989
0.9719847289966823
0.844465267052194
0.8729065935437402
0.9372722677478734
0.9780295267290937
0.9277585515294207
0.9667516143105807
0.9437062048736913
0.9087564386904865
0.82077207960398
0.9340935435530119
0.9732445041704323
0.9672177937781203
0.9674107688456873
0.9903306073169242
0.8991982643476139
0.9431953043410918
0.8327253076981441
0.9146147538703907
0.9807397555178224
0.97798302093278
0.7903661743569366
0.9700723943922136
0.9411523362770959
0.9089873079039873
0.9623964302841815
0.9578265164695967
0.9702945025625364
0.9717830796858548
0.8144679337482508
0.9180191216428406
0.9391222634128362
0.8832345906027786
0.8112724522336416
0.9194759913328905
0.9496134996384367
0.9672348497290503
0.8166298249970518
0.7495722255524512
0.9510228030546828
0.7736911247922497
0.8556972418946407
0.9623590491661246
0.9542000336974016
0.9703021938011194
0.8921327622229458
0.9557310984674295
0.8625518881889628
0.827157214792308
0.9457834684978981
0.8888827206384916
0.9766675107853175
0.9739921499701075
0.9765385401494768
0.9277817478215835
0.9015189234166539
0.9326598086748852
0.9129814661141697
0.9638351594840275
0.9342974107985694
0.9290178656972971
0.9636795364861195
0.9231066629251904
0.9696539172600891
0.9635027312983071
0.9189101187591167
0.929925476329547
0.9702178008779884
0.8735221525323174
0.9338428876476017
0.965012647323069
0.9259903724921837
0.9562068466764085
0.8169617626584837
0.9651681072550071
0.9355739503936498
0.8425021332576045
0.9588993893014515
0.8109269679770064
0.8075184420843549
0.9495710799268218
0.9516527456351103
0.7117135513495229
0.9249808980981071
0.7443602080228584
0.9319998824569002
0.9341228013054954
0.8059814322933037
0.9408568793669168
0.9516554674234144
0.935742355925415
0.9681632744420686
0.9188631198283577
0.9165972844853437
0.9469746175860807
0.8685569544662499
0.8492262174408401
0.813536855291889
0.8816491509709271
0.9183076182785836
0.9207300208782989
0.9314155896810354
0.9103650915310204
0.8415878871423518
0.9423653890309842
0.8554880735399567
0.7831575068532821
0.9018814497673276
0.9637098024873965
0.9572076405864709
0.9261751003269021
0.9582767679423401
0.9602061708909231
0.9379794561138444
0.9395521280206433
0.9395816276549471
0.9545200164269916
0.953272124724981
0.9650319978470695
0.9396367959980768
0.8047802154531629
0.9346009535019398
0.9058813593079494
0.9286949690085167
0.9444279667807823
0.8940362620535345
0.9397717918398092
0.9521027989369746
0.9253603027054992
0.9171954335045653
0.7625392799125698
0.9008382298277596
0.8745774914472688
0.9107111156325268
0.8352002219416277
0.9216281501793898
0.9551721571187883
0.9411140570069003
0.9841102684580701
0.8862730993118235
0.9319766207092863
0.7983126539149134
0.9500433218065436
0.9596612379049899
0.9796327655426624
0.9527099210485681
0.9742467690001496
0.9455323779077996
14
970
0.03503255344737341
0.02608712346640529
0.0330458758763358
0.050754465583665
0.03808936420950953
0.04658941908729764
0.02880085371967261
0.03284737885396258
0.003750977847822909
0.04149573472643266
0.05819007342616389
0.0474652900316555
0.04326962239402084
0.03947622104449768
0.05794270795410777
0.06884709935811809
0.04148416303297493
0.04082113962374317
0.06067625011041632
0.05045895575624553
0.04495221398306604
0.03186822117477921
0.01571888217262838
0.01994999313217499
0.02692175553455445
0.05728310265762163
0.03856502090709904
0.02528482732966991
0.03139518107040857
0.03893796117959094
0.0741696733509819
0.03873342759720396
0.01558543044244174
0.02666004319229817
0.03652214464194918
0.06890816201577088
0.03314119669174324
0.04448055328678549
0.02123049343780151
0.01890258730780294
0.07997721804693547
0.0198825833435685
0.06104838642200105
0.05885369449628024
0.04749697295106793
0.03083318551465412
0.07655420669927038
0.05591389479407328
0.04140693996943867
0.07500389883683223
0.01998295085397449
0.03377071073141864
0.08072453321500761
0.04050377070407733
0.06242128525166357
0.0329554079832112
0.0160549492089223
0.02196170328660113
0.03095161124840235
0.05040011523599402
0.07807222892131982
0.04287419406299704
0.01003947581176617
0.1090743699646931
0.03939909440981593
0.02648071718756239
0.0239221352324361
0.03943275017583765
0.05272663843086645
0.07362772418168839
0.06848414723460472
0.05533450634762146
0.06793286564129764
0.03028599306987866
0.0615276860627233
0.03879371008725668
0.025579593120162
0.04996450653784621
0.06247962715860797
0.03693917447526943
0.04268179984250418
0.05477445167603743
0.04961229756819162
0.01617153859331707
0.03227633629778046
0.01969692929565152
0.04343237334987975
0.01905006805181528
0.02131441489647891
0.07586674017991801
0.03220932304227721
0.03552981343901766
0.02785731189472028
0.05402892764333013
0.007046567272043555
0.03442512423192774
0.02736354788454714
0.06752823586057199
0.0165423863664594
0.05280233213944478
0.06735115223616706
0.01721596340778569
0.03658820166518383
0.05442474563655474
0.02077844404058286
0.06246144233265897
0.03165081001580001
0.03989018816757893
0.0402283847819527
0.04936679871428545
0.04746981259910635
0.02351182082487821
0.03244866590536535
0.02745045076193842
0.04336718007357003
0.02308222687755111
0.07318008710134505
0.03532386795003056
0.04052661580078194
0.03842342920991154
0.08619289987254863
0.02124422580593356
0.01294099228300084
0.02662321638063429
0.06427391764350324
0.01709792659928335
0.01999404563248289
0.01302964556137461
0.04423161905147231
0.0440997449381114
0.03487087869107908
0.02236111528051059
0.02249623526324304
0.0510385938816364
0.04115491409149157
0.06586394104946139
0.03516238557998481
0.03581729256264874
0.03832564288899228
0.06626880879513253
0.01809326527612815
0.04091293569555392
0.05653510167460012
0.04212968788775207
0.04139704596335904
0.06586905716540011
0.03385254455340348
0.06249070267355226
0.05051948202212678
0.02129029990146537
0.06420397183566651
0.03913776638040974
0.06742823636667225
0.03949149418241241
0.07310105956453417
0.03509216383434947
0.05385986492038553
0.02330388948836469
0.07104707168507474
0.02494871466037535
0.04596522861592677
0.03731523157199949
0.05865378157147169
0.05070959154804047
0.04933071449503454
0.03306272581475957
0.02993933349552752
0.04177964135391107
0.03729368659695253
0.03351425804072221
0.07791205754167541
0.0146620157586931
0.02881919856866143
0.09337097110590498
0.04262727192957688
0.04934585096611886
0.02712189286608978
0.03091994703508782
0.06524104781415108
0.03182585093544368
0.0248189048498515
0.04092143146153711
0.0276180010808734
0.02501670795296435
0.04857242933859322
0.03070766251848208
0.05705953922991758
0.05349656398783182
0.06397026721280652
0.04033606114044052
0.04712567398589355
0.07780928960530931
0.0357002208781932
0.02545892507980485
0.02820572906152088
0.04008295258244572
0.02897291287067227
0.05540253317603244
0.01264253149285046
0.01942193167607928
0.02142045331928974
0.03755766527193737
0.04756357633609824
0.06270361494775084
0.01666399015968771
0.03274591045965631
0.03394840843118384
0.01511176057931262
0.04466524478813214
0.01233104449870726
0.03200504823245299
0.0346907856804195
0.02289146791722112
0.05422341251014873
0.05568577533002642
0.04513632176324954
0.02861689138229139
0.0282822102341806
0.05494460008508226
0.02750605345025664
0.026061372481623
0.03519919736357301
0.03002417923506151
0.01897823209100757
0.09360598802837372
0.05824013181259161
0.02804232830920045
0.04014855308231656
0.03965479664761962
0.06434438663574915
0.02468611451033304
0.01371586925812407
0.08036225124052809
0.02457587591707471
0.05036575455127389
0.04763469819198768
0.0474238024441999
0.0178681604265775
0.03393554836002979
0.04647559300523835
0.1093006308645348
0.05376560430112034
0.03830436755279689
0.03226079401064928
0.02685604404619372
0.01728922428109195
0.02890109542728747
0.03282803792483827
0.05363599599470543
0.06887926644693732
0.02136647645400451
0.04165667629329536
0.06158717025139672
0.04702262729444538
0.02671619363920376
0.05882225133268437
0.04496816093187882
0.04233459454944403
0.01655771542852378
0.04509623155887706
0.07081278359073895
0.05724361574460293
0.05490392935104221
0.01208564304979442
0.03084343472640008
0.03106397937774279
0.02745441775394878
0.04583750108974328
0.05396299743931997
0.04283794394052771
0.08175119538272546
0.01230726080160457
0.04635958202115042
0.03965523744576407
0.03494633533480025
0.04041837084028232
0.04422865729407714
0.0117285468595519
0.01788949699623872
0.0332648247248566
0.04757236510284646
0.02773986270177499
0.05102980253830546
0.04871733208820936
0.1037088452278788
0.02237671558618856
0.02925446402083288
0.03646910377842484
0.07012125713489492
0.02513112693011411
0.04330139643544122
0.02356828460499133
0.02698715122766289
0.05459912457475358
0.0843571690642605
0.03335453572578618
0.02336283131858484
0.02141154579774872
0.01496517112988613
0.0357029212524097
0.04364400804579031
0.02068332451487577
0.07181032332510406
0.06998757296728009
0.02245507544633497
0.04265117451143003
0.0245543011201463
0.02555933234194421
0.02463439825122922
0.04885409301201499
0.0110407929414048
0.03566777410673017
0.01908954188887968
0.02356146606273877
0.07943099960376965
0.07937878517832386
0.06626919359718021
0.06251257348338356
0.04468469954725414
0.0258354645926136
0.03044034907045368
0.04239607822228263
0.06658775100002318
0.02288109473218702
0.03647530840260414
0.02533586771929943
0.01751958855753223
0.02999697881468074
0.02452549938186212
0.04837292399910594
0.05148083057325385
0.008026871998154238
0.03087532917675199
0.05258422224340821
0.05079132576560904
0.04842705902108448
0.02712025167939768
0.01639810908809042
0.03198997315975053
0.0299530423960593
0.03461544370269797
0.0500335849380885
0.04023141324675367
0.0415420060970164
0.08411760064418894
0.05431248564713224
0.03371641689347691
0.02999418162251886
0.03822340571038479
0.03654462779292251
0.03732592789469463
0.06212418095375554
0.04284985303115169
0.05170123650237676
0.05797807403096802
0.02805545062745196
0.08255126877690833
0.02704706560288962
0.02538864692548365
0.08131529048621922
0.04471333566105556
0.01439982247922396
0.02578093264751771
0.02643702428573167
0.08108873722712662
0.07292688613868903
0.05743758216816058
0.04008401230330458
0.0658280319656592
0.05935330736208383
0.02717742689448733
0.03286178971767972
0.03535022285752688
0.0373275630508401
0.04956326233503867
0.01510464267523265
0.05885914161957705
0.03677335125000439
0.03930793306771536
0.02839318546853218
0.02231508641254978
0.07358111396221123
0.05992774704845096
0.02093422633700318
0.04164465954625054
0.0370694872340511
0.02063241275024992
0.03074181921959407
0.04139128707036275
0.06170233591237544
0.0547063615421197
0.04370733596899523
0.03216127250743278
0.01379963893636691
0.03870020343700187
0.05957235914703977
0.02048558062889453
0.0496262369092711
0.03308393474322135
0.0242987350754187
0.01173372727215551
0.04994204670805238
0.04143398332080585
0.02215688966549572
0.03216445087697124
0.02299354260668354
0.06772552580960049
0.04303597586192052
0.05099353812261961
0.04226923300609183
0.02913846774390115
0.02352883065217631
0.05338961678791643
0.0312738299178682
0.01421289361405669
0.03562429944000655
0.01686164711869813
0.09061857261458006
0.04534552410401765
0.03702254502756164
0.03820352146130512
0.03782737052544709
0.01947623341731011
0.02579822019476837
0.04011481673546377
0.03080285225886252
0.06452042921306478
0.04700940545298963
0.01280421545972265
0.02996301413826633
0.08052985648571054
0.05036879685425286
0.04371356150845882
0.03041679485215261
0.05612707287863025
0.07238385147450443
0.05933446797952108
0.05714895340249011
0.08029994780866367
0.05640976961510331
0.01075081916143069
0.07091700905200204
0.04985784422403015
0.03263854452198206
0.02510951753963533
0.02395103046820158
0.03351859593675401
0.04559251439727077
0.04292747035359052
0.07748873842042492
0.04265231622102125
0.06054022180826794
0.03691727446970385
0.03227022357602116
0.04707152882093061
0.02431440060449252
0.02169536244599576
0.02570159399193758
0.05494276011443879
0.008215211997992345
0.01538715999241356
0.05316342475917386
0.04362855778815952
0.008242792048206988
0.03934104666303229
0.04879869535456893
0.0398626206802437
0.08431299421588945
0.09022944079716488
0.06404275262546923
0.065309221615466
0.1214794972839296
0.05288812421620485
0.01982282402001823
0.03958414121718332
0.02370707386414249
0.04872686028913978
0.0206977785404644
0.02811944039513514
0.05148117568645302
0.03390330605406569
0.04170807664742038
0.02819249611150901
0.05131404114980458
0.0370841622366015
0.05388478876374046
0.02970378611227902
0.04548022741863113
0.02644623557733408
0.0485116682901886
0.0222479785998545
0.03000120929233821
0.02318658069767654
0.06661404997836373
0.06574297810656704
0.02297577524995724
0.03712112102942694
0.01933942635731873
0.07308326361561479
0.04926713923083891
0.03978215839416627
0.02711559263459596
0.02764192708026905
0.04445908900486298
0.05610749059431305
0.02596959587186665
0.02307328014414662
0.0561148779627787
0.06613126383367118
0.04629152129868479
0.02291982443352473
0.05144627727494178
0.04710765923525273
0.03228058441892997
0.03651975668639924
0.0491429117962123
0.03048184124523655
0.09875661480878029
0.04187163807085129
0.06206485186000243
0.04736106891810343
0.03593004940168525
0.02722818972294304
0.01335759088832325
0.01855980929682407
0.01167584940012062
0.02549484851560001
0.04779393771406875
0.02629487517825712
0.03526629697707664
0.06278866505698952
0.01542912259272063
0.07206290126087156
0.04270584697457711
0.03888666436099913
0.05038189370821898
0.066608016903142
0.07677390823184271
0.02297564856024261
0.03165086412697812
0.0509087256947311
0.0535528663779724
0.03408558065223959
0.06085111140770955
0.04354151267789486
0.04358391484506367
0.02355660271551966
0.07816328317739929
0.03517424736802971
0.09617661913937492
0.01368985134228274
0.05644952119296695
0.02245842173563479
0.01867508858422442
0.034567170916271
0.06221378854132262
0.0578642293991895
0.04444437798523865
0.02819522072395697
0.06504007449141502
0.05837920059324021
0.06077321115076273
0.02756681097352453
0.04041375543958832
0.07246563213022228
0.04449157913824615
0.02886256488390434
0.0178672553405524
0.02402326905985161
0.03455007164637825
0.02828075526174991
0.0390532570079763
0.02114127546194113
0.01703556215742282
0.03601937471280518
0.04572458919916847
0.0369453505649794
0.05344865995496469
0.05996477826553275
0.04364696050668308
0.03722438981248869
0.06519591362555736
0.03723494691465392
0.04683755013019102
0.08200351865523481
0.06634895388314113
0.02955397369572401
0.09029510778345984
0.04505401818294812
0.01653849545813344
0.02233690334535413
0.03822293696109905
0.04442016279351126
0.100314443859534
0.02146389783082838
0.048071682844726
0.04886786600049926
0.0329253101700652
0.02877743846381625
0.0307669655146282
0.04319771619491276
0.06362140668028071
0.04884250955661455
0.03525743661356085
0.03877971643531239
0.02929069334078289
0.02728659437013859
0.05380249686875777
0.02857623110127209
0.09090678838954125
0.02416176975348481
0.02465852216693984
0.02536876542722844
0.04719454743574689
0.009509245954741624
0.03599543120529577
0.04971676347158846
0.03606751332414382
0.05227175734882191
0.02073242159777975
0.04552935566395841
0.0254756394796881
0.07263200779814738
0.04618223375962208
0.02137919941118329
0.03996715807103352
0.03644012921392502
0.01957033936160782
0.03634032801322937
0.08769074183161718
0.03506715350991751
0.0700627551690759
0.03692821783077689
0.02163468247505254
0.04927951356555131
0.04879020175990587
0.02298618958135691
0.04219379403382793
0.02011389466318736
0.01808127394053639
0.03338355371655113
0.02306126452448079
0.02094972117981149
0.05452118531081248
0.03344593725300622
0.02397154403699042
0.07206560747546431
0.04128199019872428
0.04021710315320063
0.06472448831734745
0.04537171886089664
0.009702042952782756
0.03642874623594566
0.06227800054121846
0.05639599349459554
0.04578398284181007
0.03654763467752184
0.05879930890849108
0.1028884750605514
0.03940301969580731
0.08007936055602116
0.02907360458606714
0.02335290519680488
0.02484254295169048
0.04537094176650576
0.01722657196769175
0.04288595592414352
0.02608499641617764
0.03687579828116386
0.02233996653890947
0.02765482918201456
0.03890027230410695
0.03876417843018887
0.03504507939111696
0.03956535569858123
0.04307224823362198
0.03706549187457715
0.1178510697154168
0.01070218376644715
0.02755634886984677
0.03338412954526717
0.009694467802221616
0.07842219875549905
0.03421097193297899
0.03960104225077695
0.05674252222237033
0.04167198073162894
0.02031198363058671
0.04676417121786874
0.06044247258882173
0.04784555510318172
0.02031762965292718
0.02786222252629284
0.1185938681697792
0.05944691034632088
0.1140580333512513
0.06649093364957863
0.03728835172264597
0.01423583954422654
0.04128256513567369
0.02957185004231227
0.03042360494035545
0.02955049218777268
0.06124647900251468
0.02176054568726647
0.05038867791490618
0.04047439966252692
0.07313321090386893
0.07672045397589899
0.06737807443812205
0.03736650898057905
0.07620256856035779
0.04801551562166088
0.0226289719066758
0.03796022638752512
0.0413628117721485
0.04635672370757208
0.02948563843713755
0.01127064929663836
0.02635026808442605
0.02716598052509848
0.1210801515316043
0.01641627901838082
0.01722895168299151
0.1007700295410192
0.02881776559277977
0.01095227834123276
0.07392368456778298
0.07580452093565093
0.06705221011297652
0.03770949865012916
0.07742634240083179
0.03944862266764136
0.05042734358050466
0.05877651770021987
0.01941293933934533
0.0445213323851863
0.1161200508726165
0.01830901976888363
0.01124650279178837
0.02475486673376974
0.02205260599277223
0.04951001814811024
0.03703002921462278
0.02012698848649486
0.02710381573910595
0.1121217083892702
0.07141507457923446
0.08081279534612884
0.0390851180197618
0.05295789532373869
0.04374066409794465
0.04807277635550889
0.02749877443392438
0.06956226025453138
0.04269530203851094
0.08422435183560939
0.04045202122817881
0.02224056788414108
0.05975101872998359
0.0348993266120536
0.05478819401123541
0.02844056128634953
0.05111527114699717
0.02770934452901367
0.01389791819845779
0.03787984038896494
0.05638744386615375
0.05109390548967278
0.06701115173177241
0.03905446593752374
0.0229311640781837
0.04248241352181294
0.0240435843343413
0.04375378801375743
0.01565479348548407
0.02421175671499283
0.02031628587001396
0.05916905037295307
0.02613321407026484
0.05841873883449796
0.01789060718116857
0.01299557565993544
0.01608421692465478
0.06059515260984936
0.04258762544847134
0.06604121875179658
0.03491621528150616
0.04375646260694342
0.08870306437735564
0.01285168867346653
0.06265630880073865
0.03888483500823033
0.05217607750040915
0.0661918926587054
0.05482516944805946
0.01931783693866952
0.08162147934057817
0.07149255275266186
0.0375589660221906
0.04811550693454148
0.02823772783749315
0.04027462833016559
0.01042692228725378
0.04048234007343068
0.0329304780778663
0.05911299907455125
0.02763086879034627
0.03150623866983338
0.03423059489144512
0.06432290232479476
0.02624280307612401
0.02782577533550974
0.07215046621629362
0.05975772728123264
0.02483265081321856
0.0293184573011269
0.06755478804300308
0.04085456631171938
0.06179764752027323
0.1024751602601736
0.04227762368338334
0.07438073713968829
0.07017666322525834
0.04249659240986897
0.05395836714277874
0.06492280658754979
0.02462131079014841
0.05672881391004143
0.02532298640866599
0.04255412512892952
0.01510977080063262
0.04008813495945085
0.05057162856029488
0.02629672358280778
0.05711275570057815
0.2199358298174294
0.01209354533123412
0.01609320749258633
0.04705822641385066
0.03728813164712112
0.02798653823745116
0.04770824041679715
0.01570951253475239
0.01598562038118177
0.02294779418566828
0.04460247733800198
0.03942240441395722
0.0390236592557651
0.04029819387412631
0.05117911802991436
0.06119892719352777
0.02297013336888313
0.05535476478944842
0.01781355586324522
0.01062408493633076
0.02248403230977214
0.04089985819857101
0.01994028269709731
0.04572380643571556
0.0158504127760845
0.08944697625966935
0.03360257833347637
0.05316414419484608
0.04164688281726997
0.04182485982067086
0.02031445360767354
0.02354484592958663
0.01929807991621584
0.0400166104380441
0.04429368008778101
0.05299972373910409
0.03779770695534904
0.05643617745020083
0.04293784616101039
0.06965123555392672
0.1090036372337962
0.04027822593139734
0.06574489667525137
0.04021192517340223
0.0259349231432267
0.05203150665865847
0.02378100107413703
0.03633036741177113
0.02370415562988415
0.01862545928841845
0.04200879076556444
0.03056837300598724
0.0231972470208327
0.03591864063509524
0.04304306194989603
0.02436380500000069
0.0485975395470168
0.06615548129274307
0.06024939312857844
0.01779848729036462
0.03967020733123282
0.03273853473206113
0.05569659847516712
0.03029364591197353
0.0150921556659158
0.07987049882222141
0.02168474219750887
0.05055356701612324
0.04573040517721991
0.05566544886492229
0.01640511694145539
0.007462109673705616
0.04095314715101476
0.02907414919572972
0.03991677348461839
0.1115450329267764
0.06621480870279864
0.03181685052857185
0.01963436358412171
0.07515153555187004
0.03040894175087454
0.05022968460882464
0.07309725198560291
0.07374105773272177
0.04587448404925156
0.0301802840400922
0.02118156864605801
0.0460723582481532
0.05590926570205958
0.04526145378298908
0.0528956005355319
0.04595454993386382
0.02541083767177633
0.05728900701466819
0.02956250178226044
0.03767450500980324
0.03265882466363421
0.0841516875770304
0.02218928660911685
0.0455831716408979
0.03445775614006899
0.02472924897650417
0.05159355402786762
0.06519130294565739
0.02088741167383215
0.0093493723931568
0.04544253886537485
0.05753252206397849
0.016296519493514
0.01752710507352497
0.03380552853269017
0.04815953183810118
0.07509540853989893
0.04088701871045976
0.02796085083978399
0.02611829643835334
0.02923087824374361
0.08347417984666439
0.03902085882887014
0.033121257672617
0.02503211926339366
0.0625058230229466
0.03980181383281389
0.02665345975459836
0.08852316758825374
0.02246567875477158
0.04142950437954983
0.02050030139507228
0.04104695251075975
0.04389696563636832
0.0280260306097674
0.06126909088849833
0.04877853310737599
0.02967315012525825
1026
511
16
2
262153
10
cg07692215
262153
10
cg01616492
1026
767
13
2
NA
-970
1026
1791
16
3
262153
6
tbl_df
262153
3
tbl
262153
10
data.frame
254
1026
1
262153
1
n
13
1
970
1026
1
262153
6
method
16
1
262153
7
pearson
1026
1
262153
8
bayesian
10
1
0
1026
1
262153
8
p_adjust
16
1
262153
4
holm
1026
1
262153
7
partial
10
1
0
1026
1
262153
10
multilevel
10
1
0
1026
1
262153
16
partial_bayesian
10
1
0
1026
1
262153
14
bayesian_prior
14
1
0.707
1026
1
262153
15
include_factors
10
1
0
1026
1
262153
20
additional_arguments
531
1
14
1
0.2
1026
511
16
1
262153
2
tr
254
1026
1791
16
3
262153
6
tbl_df
262153
3
tbl
262153
10
data.frame
254
